digraph {
	edge [simplify=true]
	0
	1
	2
	651
	652
	653
	688
	689
	690
	692
	691
	654
	655
	656
	672
	673
	674
	675
	676
	683
	684
	685
	687
	686
	682
	677
	678
	679
	681
	680
	657
	658
	659
	660
	661
	667
	668
	669
	671
	670
	662
	663
	664
	666
	665
	3
	4
	47
	48
	49
	50
	609
	610
	611
	646
	647
	648
	650
	649
	612
	613
	614
	630
	631
	632
	633
	634
	641
	642
	643
	645
	644
	640
	635
	636
	637
	639
	638
	615
	616
	617
	618
	619
	625
	626
	627
	629
	628
	620
	621
	622
	624
	623
	222
	223
	224
	225
	226
	227
	228
	229
	230
	567
	568
	569
	604
	605
	606
	608
	607
	570
	571
	572
	588
	589
	590
	591
	592
	599
	600
	601
	603
	602
	598
	593
	594
	595
	597
	596
	573
	574
	575
	576
	577
	583
	584
	585
	587
	586
	578
	579
	580
	582
	581
	525
	526
	527
	562
	563
	564
	566
	565
	528
	529
	530
	546
	547
	548
	549
	550
	557
	558
	559
	561
	560
	556
	551
	552
	553
	555
	554
	531
	532
	533
	534
	535
	541
	542
	543
	545
	544
	536
	537
	538
	540
	539
	483
	484
	485
	520
	521
	522
	524
	523
	486
	487
	488
	504
	505
	506
	507
	508
	515
	516
	517
	519
	518
	514
	509
	510
	511
	513
	512
	489
	490
	491
	492
	493
	499
	500
	501
	503
	502
	494
	495
	496
	498
	497
	441
	442
	443
	478
	479
	480
	482
	481
	444
	445
	446
	462
	463
	464
	465
	466
	473
	474
	475
	477
	476
	472
	467
	468
	469
	471
	470
	447
	448
	449
	450
	451
	457
	458
	459
	461
	460
	452
	453
	454
	456
	455
	399
	400
	401
	436
	437
	438
	440
	439
	402
	403
	404
	420
	421
	422
	423
	424
	431
	432
	433
	435
	434
	430
	425
	426
	427
	429
	428
	405
	406
	407
	408
	409
	415
	416
	417
	419
	418
	410
	411
	412
	414
	413
	357
	358
	359
	394
	395
	396
	398
	397
	360
	361
	362
	378
	379
	380
	381
	382
	389
	390
	391
	393
	392
	388
	383
	384
	385
	387
	386
	363
	364
	365
	366
	367
	373
	374
	375
	377
	376
	368
	369
	370
	372
	371
	315
	316
	317
	352
	353
	354
	356
	355
	318
	319
	320
	336
	337
	338
	339
	340
	347
	348
	349
	351
	350
	346
	341
	342
	343
	345
	344
	321
	322
	323
	324
	325
	331
	332
	333
	335
	334
	326
	327
	328
	330
	329
	273
	274
	275
	310
	311
	312
	314
	313
	276
	277
	278
	294
	295
	296
	297
	298
	305
	306
	307
	309
	308
	304
	299
	300
	301
	303
	302
	279
	280
	281
	282
	283
	289
	290
	291
	293
	292
	284
	285
	286
	288
	287
	231
	232
	233
	268
	269
	270
	272
	271
	234
	235
	236
	252
	253
	254
	255
	256
	263
	264
	265
	267
	266
	262
	257
	258
	259
	261
	260
	237
	238
	239
	240
	241
	247
	248
	249
	251
	250
	242
	243
	244
	246
	245
	180
	181
	182
	217
	218
	219
	221
	220
	183
	184
	185
	201
	202
	203
	204
	205
	212
	213
	214
	216
	215
	211
	206
	207
	208
	210
	209
	186
	187
	188
	189
	190
	196
	197
	198
	200
	199
	191
	192
	193
	195
	194
	51
	52
	53
	138
	139
	140
	175
	176
	177
	179
	178
	141
	142
	143
	159
	160
	161
	162
	163
	170
	171
	172
	174
	173
	169
	164
	165
	166
	168
	167
	144
	145
	146
	147
	148
	154
	155
	156
	158
	157
	149
	150
	151
	153
	152
	96
	97
	98
	133
	134
	135
	137
	136
	99
	100
	101
	117
	118
	119
	120
	121
	128
	129
	130
	132
	131
	127
	122
	123
	124
	126
	125
	102
	103
	104
	105
	106
	112
	113
	114
	116
	115
	107
	108
	109
	111
	110
	54
	55
	56
	91
	92
	93
	95
	94
	57
	58
	59
	75
	76
	77
	78
	79
	86
	87
	88
	90
	89
	85
	80
	81
	82
	84
	83
	60
	61
	62
	63
	64
	70
	71
	72
	74
	73
	65
	66
	67
	69
	68
	5
	6
	7
	42
	43
	44
	46
	45
	8
	9
	10
	26
	27
	28
	29
	30
	37
	38
	39
	41
	40
	36
	31
	32
	33
	35
	34
	11
	12
	13
	14
	15
	21
	22
	23
	25
	24
	16
	17
	18
	20
	19
	317 -> 315
	399 -> 226
	30 -> 9
	103 -> 102
	535 -> 532
	607 -> 606
	558 -> 557
	16 -> 15
	88 -> 86
	655 -> 654
	199 -> 198
	101 -> 99
	670 -> 669
	166 -> 164
	620 -> 619
	337 -> 319
	304 -> 296
	498 -> 495
	10 -> 8
	472 -> 464
	81 -> 80
	637 -> 635
	389 -> 379
	301 -> 299
	285 -> 284
	459 -> 457
	388 -> 380
	110 -> 109
	323 -> 322
	446 -> 444
	506 -> 487
	503 -> 500
	360 -> 359
	487 -> 486
	345 -> 342
	431 -> 421
	334 -> 333
	102 -> 101
	14 -> 12
	320 -> 318
	163 -> 142
	350 -> 349
	667 -> 659
	450 -> 448
	291 -> 289
	87 -> 86
	522 -> 520
	55 -> 54
	185 -> 183
	94 -> 93
	633 -> 613
	89 -> 88
	287 -> 286
	688 -> 652
	674 -> 655
	305 -> 295
	536 -> 535
	151 -> 149
	344 -> 343
	622 -> 620
	616 -> 615
	282 -> 280
	289 -> 281
	368 -> 367
	499 -> 491
	647 -> 646
	476 -> 475
	484 -> 483
	3 -> 2
	595 -> 593
	662 -> 661
	489 -> 488
	356 -> 353
	625 -> 617
	338 -> 319
	309 -> 306
	274 -> 273
	128 -> 118
	495 -> 494
	135 -> 133
	117 -> 100
	341 -> 340
	653 -> 651
	278 -> 276
	432 -> 431
	470 -> 469
	502 -> 501
	570 -> 569
	509 -> 508
	48 -> 3
	232 -> 231
	380 -> 361
	404 -> 402
	171 -> 170
	362 -> 360
	54 -> 53
	358 -> 357
	640 -> 632
	181 -> 180
	381 -> 361
	83 -> 82
	591 -> 571
	613 -> 612
	469 -> 467
	684 -> 683
	452 -> 451
	426 -> 425
	445 -> 444
	343 -> 341
	314 -> 311
	461 -> 458
	251 -> 248
	258 -> 257
	603 -> 600
	511 -> 509
	596 -> 595
	43 -> 42
	549 -> 529
	505 -> 487
	198 -> 196
	131 -> 130
	551 -> 550
	123 -> 122
	387 -> 384
	179 -> 176
	611 -> 609
	157 -> 156
	664 -> 662
	283 -> 280
	112 -> 104
	500 -> 499
	367 -> 364
	435 -> 432
	497 -> 496
	49 -> 3
	411 -> 410
	116 -> 113
	200 -> 197
	598 -> 590
	297 -> 277
	139 -> 138
	346 -> 338
	504 -> 487
	222 -> 48
	34 -> 33
	683 -> 673
	133 -> 97
	518 -> 517
	474 -> 473
	357 -> 227
	270 -> 268
	465 -> 445
	512 -> 511
	147 -> 145
	332 -> 331
	295 -> 277
	35 -> 32
	515 -> 505
	373 -> 365
	425 -> 424
	519 -> 516
	142 -> 141
	586 -> 585
	624 -> 621
	463 -> 445
	402 -> 401
	610 -> 609
	575 -> 574
	390 -> 389
	576 -> 574
	267 -> 264
	111 -> 108
	468 -> 467
	328 -> 326
	246 -> 243
	178 -> 177
	492 -> 490
	164 -> 163
	585 -> 583
	51 -> 50
	238 -> 237
	520 -> 484
	42 -> 6
	578 -> 577
	406 -> 405
	592 -> 571
	288 -> 285
	676 -> 655
	180 -> 49
	681 -> 678
	534 -> 532
	441 -> 225
	397 -> 396
	384 -> 383
	321 -> 320
	231 -> 230
	440 -> 437
	193 -> 191
	276 -> 275
	480 -> 478
	590 -> 571
	377 -> 374
	354 -> 352
	329 -> 328
	7 -> 5
	351 -> 348
	252 -> 235
	393 -> 390
	494 -> 493
	213 -> 212
	618 -> 616
	58 -> 57
	99 -> 98
	409 -> 406
	156 -> 154
	56 -> 54
	170 -> 160
	6 -> 5
	197 -> 196
	93 -> 91
	233 -> 231
	382 -> 361
	245 -> 244
	361 -> 360
	421 -> 403
	143 -> 141
	5 -> 4
	149 -> 148
	514 -> 506
	140 -> 138
	568 -> 567
	298 -> 277
	634 -> 613
	467 -> 466
	660 -> 658
	225 -> 48
	529 -> 528
	398 -> 395
	173 -> 172
	53 -> 50
	303 -> 300
	208 -> 206
	195 -> 192
	589 -> 571
	85 -> 77
	31 -> 30
	556 -> 548
	606 -> 604
	417 -> 415
	15 -> 12
	340 -> 319
	33 -> 31
	319 -> 318
	206 -> 205
	581 -> 580
	594 -> 593
	211 -> 203
	26 -> 9
	364 -> 363
	237 -> 236
	324 -> 322
	160 -> 142
	479 -> 478
	612 -> 611
	473 -> 463
	144 -> 143
	395 -> 394
	526 -> 525
	429 -> 426
	220 -> 219
	327 -> 326
	159 -> 142
	550 -> 529
	209 -> 208
	391 -> 389
	104 -> 103
	107 -> 106
	583 -> 575
	150 -> 149
	437 -> 436
	623 -> 622
	572 -> 570
	410 -> 409
	412 -> 410
	597 -> 594
	430 -> 422
	154 -> 146
	8 -> 7
	493 -> 490
	215 -> 214
	310 -> 274
	210 -> 207
	508 -> 487
	449 -> 448
	230 -> 48
	561 -> 558
	638 -> 637
	46 -> 43
	537 -> 536
	363 -> 362
	682 -> 674
	261 -> 258
	541 -> 533
	648 -> 646
	290 -> 289
	109 -> 107
	68 -> 67
	609 -> 47
	229 -> 48
	532 -> 531
	71 -> 70
	593 -> 592
	451 -> 448
	542 -> 541
	376 -> 375
	547 -> 529
	120 -> 100
	669 -> 667
	687 -> 684
	552 -> 551
	86 -> 76
	331 -> 323
	259 -> 257
	24 -> 23
	271 -> 270
	79 -> 58
	39 -> 37
	9 -> 8
	240 -> 238
	629 -> 626
	569 -> 567
	418 -> 417
	189 -> 187
	64 -> 61
	196 -> 188
	423 -> 403
	436 -> 400
	691 -> 690
	342 -> 341
	257 -> 256
	370 -> 368
	510 -> 509
	335 -> 332
	177 -> 175
	372 -> 369
	408 -> 406
	562 -> 526
	241 -> 238
	207 -> 206
	538 -> 536
	419 -> 416
	281 -> 280
	675 -> 655
	27 -> 9
	190 -> 187
	269 -> 268
	490 -> 489
	73 -> 72
	654 -> 653
	560 -> 559
	477 -> 474
	306 -> 305
	652 -> 651
	292 -> 291
	221 -> 218
	385 -> 383
	366 -> 364
	106 -> 103
	13 -> 12
	405 -> 404
	307 -> 305
	67 -> 65
	80 -> 79
	574 -> 573
	316 -> 315
	167 -> 166
	40 -> 39
	513 -> 510
	168 -> 165
	453 -> 452
	97 -> 96
	454 -> 452
	146 -> 145
	325 -> 322
	299 -> 298
	136 -> 135
	668 -> 667
	563 -> 562
	302 -> 301
	630 -> 613
	326 -> 325
	248 -> 247
	401 -> 399
	242 -> 241
	234 -> 233
	422 -> 403
	137 -> 134
	265 -> 263
	113 -> 112
	228 -> 48
	685 -> 683
	260 -> 259
	66 -> 65
	507 -> 487
	162 -> 142
	584 -> 583
	548 -> 529
	496 -> 494
	57 -> 56
	22 -> 21
	680 -> 679
	339 -> 319
	466 -> 445
	661 -> 658
	277 -> 276
	567 -> 222
	415 -> 407
	218 -> 217
	174 -> 171
	161 -> 142
	645 -> 642
	394 -> 358
	636 -> 635
	239 -> 238
	485 -> 483
	214 -> 212
	264 -> 263
	471 -> 468
	105 -> 103
	236 -> 234
	4 -> 2
	392 -> 391
	478 -> 442
	194 -> 193
	438 -> 436
	571 -> 570
	349 -> 347
	130 -> 128
	153 -> 150
	243 -> 242
	689 -> 688
	122 -> 121
	679 -> 677
	353 -> 352
	665 -> 664
	521 -> 520
	414 -> 411
	169 -> 161
	587 -> 584
	25 -> 22
	72 -> 70
	579 -> 578
	573 -> 572
	318 -> 317
	11 -> 10
	374 -> 373
	125 -> 124
	383 -> 382
	294 -> 277
	666 -> 663
	216 -> 213
	657 -> 656
	530 -> 528
	400 -> 399
	369 -> 368
	649 -> 648
	115 -> 114
	205 -> 184
	588 -> 571
	2 -> 0
	416 -> 415
	608 -> 605
	439 -> 438
	244 -> 242
	227 -> 48
	65 -> 64
	247 -> 239
	475 -> 473
	263 -> 253
	187 -> 186
	614 -> 612
	92 -> 91
	464 -> 445
	481 -> 480
	621 -> 620
	462 -> 445
	148 -> 145
	52 -> 50
	677 -> 676
	601 -> 599
	126 -> 123
	525 -> 223
	524 -> 521
	646 -> 610
	91 -> 55
	50 -> 3
	602 -> 601
	312 -> 310
	127 -> 119
	554 -> 553
	78 -> 58
	188 -> 187
	212 -> 202
	250 -> 249
	527 -> 525
	546 -> 529
	632 -> 613
	643 -> 641
	386 -> 385
	256 -> 235
	19 -> 18
	639 -> 636
	528 -> 527
	262 -> 254
	17 -> 16
	516 -> 515
	38 -> 37
	658 -> 657
	641 -> 631
	619 -> 616
	152 -> 151
	114 -> 112
	488 -> 486
	204 -> 184
	533 -> 532
	186 -> 185
	82 -> 80
	690 -> 688
	531 -> 530
	523 -> 522
	427 -> 425
	175 -> 139
	201 -> 184
	23 -> 21
	76 -> 58
	359 -> 357
	280 -> 279
	70 -> 62
	501 -> 499
	202 -> 184
	378 -> 361
	333 -> 331
	491 -> 490
	642 -> 641
	293 -> 290
	544 -> 543
	442 -> 441
	158 -> 155
	119 -> 100
	132 -> 129
	235 -> 234
	671 -> 668
	543 -> 541
	182 -> 180
	403 -> 402
	20 -> 17
	77 -> 58
	253 -> 235
	577 -> 574
	486 -> 485
	134 -> 133
	580 -> 578
	63 -> 61
	226 -> 48
	457 -> 449
	460 -> 459
	172 -> 170
	673 -> 655
	428 -> 427
	45 -> 44
	176 -> 175
	145 -> 144
	615 -> 614
	37 -> 27
	483 -> 224
	644 -> 643
	617 -> 616
	582 -> 579
	183 -> 182
	424 -> 403
	44 -> 42
	407 -> 406
	352 -> 316
	605 -> 604
	564 -> 562
	255 -> 235
	663 -> 662
	355 -> 354
	311 -> 310
	41 -> 38
	59 -> 57
	165 -> 164
	455 -> 454
	322 -> 321
	61 -> 60
	555 -> 552
	249 -> 247
	650 -> 647
	224 -> 48
	273 -> 229
	458 -> 457
	155 -> 154
	219 -> 217
	47 -> 3
	517 -> 515
	627 -> 625
	600 -> 599
	191 -> 190
	434 -> 433
	300 -> 299
	272 -> 269
	396 -> 394
	129 -> 128
	456 -> 453
	32 -> 31
	60 -> 59
	18 -> 16
	545 -> 542
	371 -> 370
	413 -> 412
	330 -> 327
	217 -> 181
	539 -> 538
	686 -> 685
	559 -> 557
	656 -> 654
	433 -> 431
	604 -> 568
	268 -> 232
	254 -> 235
	565 -> 564
	266 -> 265
	223 -> 48
	420 -> 403
	84 -> 81
	21 -> 13
	124 -> 122
	29 -> 9
	599 -> 589
	296 -> 277
	628 -> 627
	540 -> 537
	347 -> 337
	108 -> 107
	315 -> 228
	444 -> 443
	651 -> 1
	631 -> 613
	203 -> 184
	90 -> 87
	336 -> 319
	482 -> 479
	69 -> 66
	36 -> 28
	279 -> 278
	635 -> 634
	284 -> 283
	678 -> 677
	12 -> 11
	275 -> 273
	308 -> 307
	443 -> 441
	1 -> 0
	626 -> 625
	138 -> 51
	28 -> 9
	379 -> 361
	348 -> 347
	659 -> 658
	118 -> 100
	313 -> 312
	95 -> 92
	557 -> 547
	121 -> 100
	100 -> 99
	184 -> 183
	74 -> 71
	98 -> 96
	566 -> 563
	96 -> 52
	692 -> 689
	286 -> 284
	365 -> 364
	375 -> 373
	553 -> 551
	141 -> 140
	672 -> 655
	75 -> 58
	447 -> 446
	192 -> 191
	62 -> 61
	448 -> 447
}
